=== Peak sharpness: 75 Jankovic orbits, threshold=3.5 ===
  3750 RPF evaluations across 75 orbits (8 workers)
  187/3750 [5s, ~104s left]  374/3750 [12s, ~105s left]  561/3750 [18s, ~100s left]  748/3750 [22s, ~89s left]  935/3750 [27s, ~82s left]  1122/3750 [33s, ~77s left]  1309/3750 [38s, ~71s left]  1496/3750 [44s, ~66s left]  1683/3750 [51s, ~62s left]  1870/3750 [57s, ~58s left]  2057/3750 [65s, ~53s left]  2244/3750 [71s, ~48s left]  2431/3750 [80s, ~44s left]  2618/3750 [89s, ~39s left]  2805/3750 [98s, ~33s left]  2992/3750 [106s, ~27s left]  3179/3750 [119s, ~21s left]  3366/3750 [133s, ~15s left]  3553/3750 [150s, ~8s left]  3740/3750 [171s, ~0s left]  done in 173s                              

=== Peak widths (threshold crossing, full width) ===
  nr       L    k  rpf(0)        w_a        w_c  P_detect@500
--------------------------------------------------------------
   1   0.700    3    6.95   1.92e-04   2.10e-04         0.002
   2   0.850    3    6.37   1.68e-04   2.91e-04         0.003
   3   0.650    3    7.23   1.45e-04   1.67e-04         0.001
   4   0.850    4    5.96   1.28e-04   1.58e-04         0.001
   5   0.700    4    7.06   1.55e-04   1.94e-04         0.002
   6   0.650    4    5.42   9.57e-05   1.46e-04         0.001
   7   0.650    4    6.78   1.44e-04   1.57e-04         0.001
   8   0.800    5    7.01   3.43e-04   7.75e-04         0.016
   9   0.650    5    5.86   1.19e-04   1.52e-04         0.001
  10   0.800    6    8.64   5.51e-04   1.33e-03         0.044
  11   0.900    6    6.06   1.27e-04   1.70e-04         0.001
  12   0.650    6    6.15   1.45e-04   1.65e-04         0.001
  13   0.800    7    6.08   6.89e-04   1.89e-03         0.079
  14   0.850    7    5.93   4.79e-04   1.54e-03         0.045
  15   0.900    7    6.72   1.51e-04   1.96e-04         0.002
  16   0.900    7    6.34   1.67e-04   4.72e-04         0.005
  17   0.800    8    6.00   8.20e-04   2.74e-03         0.135
  18   0.936    8    5.57   1.15e-04   1.70e-04         0.001
  19   0.700    8    6.43   1.72e-04   1.70e-04         0.002
  20   0.850    8    6.90   6.16e-04   2.22e-03         0.083
  21   0.900    8    6.21   3.50e-04   1.56e-03         0.033
  22   0.936    8    6.70   1.64e-04   5.10e-04         0.005
  23   0.800    9    6.66   7.55e-04   3.37e-03         0.154
  24   0.936    9    7.07   1.68e-04   4.82e-04         0.005
  25   0.850    9    5.70   7.23e-04   3.01e-03         0.131
  26   0.900    9    6.29   4.81e-04   2.19e-03         0.064
  27   0.936    9    6.60   1.43e-04   1.93e-04         0.002
  28   1.000    9    6.18   1.55e-04   6.36e-03         0.059
  29   1.000    9    5.73   1.85e-04   7.15e-04         0.008
  30   0.850   10    5.89   7.31e-04   3.89e-03         0.171
  31   1.000   10    5.78   1.93e-04   1.03e-03         0.012
  32   1.000   10    6.76   1.60e-04   1.38e-03         0.013
  33   0.700   10    7.91   1.22e-04   1.63e-04         0.001
  34   0.800   11    7.23   5.79e-04   5.19e-03         0.181
  35   1.000   11    6.55   1.57e-04   8.75e-04         0.008
  36   0.800   12    6.52   5.01e-04   6.01e-03         0.182
  37   0.936   12    6.08   6.10e-04   3.72e-03         0.137
  38   1.000   12    8.36   1.70e-04   6.80e-04         0.007
  39   0.800   13    5.54   4.54e-04   6.80e-03         0.186
  40   0.936   13    5.71   6.69e-04   4.71e-03         0.190
  41   1.000   13    5.91   1.48e-04   5.91e-04         0.005
  42   0.800   14    6.53   4.15e-04   7.54e-03         0.189
  43   1.000   14    6.77   3.42e-04   3.08e-03         0.064
  44   0.850   15    5.49   4.44e-04   8.11e-03         0.218
  45   1.000   15    6.86   4.04e-04   3.82e-03         0.093
  46   1.000   15    6.03   1.49e-04   5.47e-04         0.005
  47   0.850   16    6.72   4.05e-04   8.64e-03         0.211
  48   0.900   17    5.53   4.66e-04   8.99e-03         0.253
  49   0.936   18    5.94   5.23e-04   9.31e-03         0.294
  50   1.000   19    5.78   1.66e-03   1.34e-02         0.893
  51   1.030   20    6.22   4.58e-04   6.67e-03         0.184
  52   1.030   21    5.57   5.10e-04   7.80e-03         0.240
  53   1.030   22    6.33   5.79e-04   9.95e-03         0.347
  54   1.070   22    5.35   2.99e-04   5.04e-03         0.091
  55   1.030   23    5.34   6.67e-04   1.38e-02         0.556
  56   1.070   23    5.17   3.12e-04   5.73e-03         0.108
  57   1.030   24    5.44   8.05e-04   2.02e-02         0.730
  58   1.070   24    6.94   3.25e-04   6.46e-03         0.127
  59   1.070   25    6.69   3.37e-04   7.16e-03         0.146
  60   1.070   26    7.07   3.48e-04   7.88e-03         0.165
  61   1.070   27    5.51   3.58e-04   8.67e-03         0.187
  62   1.070   28    5.41   3.68e-04   9.55e-03         0.212
  63   1.070   29    5.93   3.78e-04   1.04e-02         0.238
  64   1.030   30    6.56   6.28e-04   1.93e-02         0.570
  65   1.070   30    6.30   3.87e-04   1.13e-02         0.264
  66   1.030   31    5.84   5.80e-04   1.89e-02         0.526
  67   1.070   31    4.89   3.97e-04   1.22e-02         0.292
  68   1.030   32    5.84   5.43e-04   1.86e-02         0.493
  69   1.070   32    5.24   4.08e-04   1.31e-02         0.322
  70   1.030   33    6.09   5.23e-04   1.83e-02         0.474
  71   1.070   33    6.10   4.19e-04   1.41e-02         0.356
  72   1.030   34    5.28   5.15e-04   1.81e-02         0.467
  73   1.070   34    7.38   4.31e-04   1.52e-02         0.391
  74   1.030   35    5.99   5.16e-04   1.79e-02         0.468
  75   1.070   35    5.33   4.45e-04   1.64e-02         0.404

=== Predicted recovery per L at 500x500 ===
       L  orbits  expected  undetectable
------------------------------------------
   0.650       5      0.01             0
   0.700       4      0.01             0
   0.800       9      1.17             0
   0.850       8      0.86             0
   0.900       6      0.36             0
   0.935       7      0.63             0
   1.000      11      1.17             0
   1.030      11      5.06             0
   1.070      14      3.30             0

  log10(w_a) ≈ 0.013·k + -3.69  (width shrinks 10x every Δk ≈ 75.9)

  log10(w_c) ≈ 0.060·k + -3.56  (width shrinks 10x every Δk ≈ 16.7)

=== Resolution for 80% mean recovery ===
  ~8282x8282 (69M points; 274x the 500x500 cost)
Data saved: peak_sharpness.json

Plot saved: peak_sharpness.png
